652
238
405
161
770
597
732
89
553
378
247
223
757
620
8
398
386
265
393
450
739
661
626
314
220
612
559
28
292
198
319
58
12
379
771
548
359
263
18
52
423
98
289
761
84
749
429
397
714
542
309
231
733
552
108
213
272
239
368
695
672
465
617
104
589
385
766
46
424
287
487
596
103
762
336
224
478
639
515
240
350
555
264
697
3
221
756
326
456
699
438
776
295
489
602
101
31
753
80
603
341
422
23
473
260
690
122
159
123
741
112
540
366
606
120
564
269
775
190
144
493
54
132
759
373
343
720
651
73
270
92
418
259
53
32
789
351
641
486
321
235
677
176
346
138
508
192
622
158
45
334
780
495
522
649
200
549
332
284
250
502
736
90
367
574
683
551
758
109
643
635
767
705
331
128
96
576
691
744
640
504
66
335
10
348
520
611
527
431
546
404
67
388
723
534
491
298
55
95
60
185
215
407
544
345
253
7
525
308
779
394
201
459
565
13
361
75
156
471
594
130
482
722
197
628
387
79
107
91
358
21
83
71
715
455
501
244
413
448
189
658
172
507
512
513
149
121
629
365
536
412
323
678
681
383
532
111
262
538
203
229
475
408
760
634
698
710
389
600
401
541
39
680
490
734
587
384
276
533
81
77
48
125
655
646
509
316
117
666
68
26
143
579
664
717
283
205
181
625
258
187
735
171
436
631
573
709
131
29
249
20
591
5
199
590
49
324
360
375
320
173
6
638
584
768
657
322
693
34
56
593
773
380
286
480
271
50
0
615
674
312
410
483
261
382
30
51
248
178
754
791
729
784
362
763
36
65
684
267
396
764
692
339
582
297
481
730
426
307
485
619
659
135
140
227
78
799
115
105
785
218
299
415
59
245
273
70
136
449
794
454
554
302
277
417
151
781
518
457
605
157
443
601
528
460
318
474
665
712
119
416
783
226
583
69
795
246
752
648
427
750
179
61
11
570
256
160
255
721
93
377
790
147
581
206
499
363
142
150
738
704
209
580
637
447
514
41
228
304
577
74
476
731
755
305
558
566
702
437
663
193
35
24
44
352
746
347
290
391
687
519
234
529
148
621
769
219
645
419
433
222
19
310
311
2
166
467
745
516
488
728
642
599
211
497
575
711
458
188
607
315
165
688
243
403
257
798
38
279
180
446
274
774
421
87
278
624
216
127
517
747
539
568
400
653
571
293
282
496
466
461
633
291
689
557
191
251
439
288
153
16
169
543
155
317
445
395
748
85
464
706
462
627
88
313
141
210
106
371
4
372
453
392
177
174
654
225
452
511
708
40
718
184
765
440
327
137
414
325
463
204
451
9
22
550
521
662
700
186
788
114
99
740
47
469
116
434
237
561
364
492
94
183
100
340
195
280
560
667
15
595
531
170
145
778
126
425
647
610
442
586
355
27
472
470
777
772
572
510
328
281
743
406
477
402
236
43
232
428
498
194
25
82
129
569
792
479
441
547
632
685
682
630
167
62
703
696
650
72
175
432
57
356
296
381
207
530
724
353
787
42
660
420
306
33
430
727
230
399
409
97
411
300
154
102
786
182
585
208
76
725
330
14
254
535
139
303
578
349
301
163
614
435
556
742
86
214
369
337
118
494
484
124
17
113
357
390
134
329
333
679
707
370
168
673
567
608
644
613
376
241
526
233
545
146
152
294
737
275
668
338
701
252
505
670
604
63
797
793
266
623
212
694
675
782
656
609
500
592
563
344
616
537
268
598
713
562
726
162
686
716
217
1
342
588
110
374
503
444
64
37
202
669
523
468
354
133
796
196
719
671
636
618
285
751
506
164
676
524
242
